[gd_scene load_steps=5 format=2]

[ext_resource path="res://Enemy/Xeti.tscn" type="PackedScene" id=1]
[ext_resource path="res://Enemy/Enemy.gd" type="Script" id=2]

[sub_resource type="AnimationNodeStateMachinePlayback" id=2]

[sub_resource type="CylinderShape" id=1]
radius = 0.4

[node name="Enemy" type="KinematicBody"]
script = ExtResource( 2 )
animation_tree = NodePath("xeti/AnimationTree")

[node name="xeti" parent="." instance=ExtResource( 1 )]

[node name="BoneAttachment" parent="xeti/Node/Skeleton" index="0"]
transform = Transform( 0.562791, 0.5691, -0.599493, -0.729668, 0.68281, -0.0368033, 0.388395, 0.458144, 0.799533, 21.1588, 79.6211, 8.03073 )

[node name="BoneAttachment2" parent="xeti/Node/Skeleton" index="1"]
transform = Transform( -0.667047, 0.464573, -0.582426, -0.693931, -0.67193, 0.258786, -0.271125, 0.576786, 0.77059, 22.6384, 73.584, 7.55956 )

[node name="BoneAttachment3" parent="xeti/Node/Skeleton" index="2"]
transform = Transform( -0.741979, 0.262071, -0.617079, -0.449679, -0.877221, 0.168144, -0.497248, 0.402247, 0.768727, 23.9438, 73.0003, 5.17497 )

[node name="BoneAttachment4" parent="xeti/Node/Skeleton" index="3"]
transform = Transform( -0.703653, 0.140898, -0.696434, -0.241956, -0.969079, 0.0484072, -0.668079, 0.202569, 0.715986, 25.3324, 73.7936, 2.48639 )

[node name="BoneAttachment5" parent="xeti/Node/Skeleton" index="4"]
transform = Transform( -0.640428, 0.0327418, -0.76732, 0.0112313, -0.998585, -0.0519838, -0.767936, -0.0419098, 0.639153, 26.7552, 74.4889, -0.00456226 )

[node name="BoneAttachment6" parent="xeti/Node/Skeleton" index="5"]
transform = Transform( 0.991054, 0.0220365, -0.131632, -0.0689464, 0.929012, -0.363571, 0.114275, 0.369394, 0.92222, 0.314368, 158.341, -2.99771 )

[node name="BoneAttachment7" parent="xeti/Node/Skeleton" index="6"]
transform = Transform( 0.991054, 0.0220365, -0.131632, -0.0689464, 0.929012, -0.363571, 0.114275, 0.369394, 0.92222, 0.314368, 158.341, -2.99771 )

[node name="BoneAttachment8" parent="xeti/Node/Skeleton" index="7"]
transform = Transform( 0.991054, 0.0220365, -0.131632, -0.0689464, 0.929012, -0.363571, 0.114275, 0.369394, 0.92222, 0.314368, 158.341, -2.99771 )

[node name="BoneAttachment9" parent="xeti/Node/Skeleton" index="8"]
transform = Transform( -0.811867, 0.160827, 0.561255, -0.0121213, -0.965747, 0.259201, 0.583717, 0.203634, 0.786008, -22.1918, 74.6743, 6.56345 )

[node name="BoneAttachment10" parent="xeti/Node/Skeleton" index="9"]
transform = Transform( -0.860753, -0.00578449, 0.50899, 0.203675, -0.920314, 0.333975, 0.466499, 0.391139, 0.793341, -21.3517, 74.4538, 9.23997 )

[node name="BoneAttachment11" parent="xeti/Node/Skeleton" index="10"]
transform = Transform( -0.887575, -0.129658, 0.44204, 0.332757, -0.844032, 0.420576, 0.318565, 0.520385, 0.792286, -20.2714, 74.4725, 11.8155 )

[node name="BoneAttachment12" parent="xeti/Node/Skeleton" index="11"]
transform = Transform( -0.835918, -0.377962, 0.397978, 0.541429, -0.686734, 0.485028, 0.0899827, 0.62092, 0.778692, -19.4128, 75.7366, 14.0312 )

[node name="BoneAttachment13" parent="xeti/Node/Skeleton" index="12"]
transform = Transform( 0.53577, -0.760191, 0.367506, 0.821107, 0.570524, -0.0169182, -0.19681, 0.310826, 0.929867, -18.6468, 82.1439, 13.1093 )

[node name="BoneAttachment14" parent="xeti/Node/Skeleton" index="13"]
transform = Transform( 0.931489, -0.000815901, 0.363768, 2.45068e-05, 0.999998, 0.00218016, -0.363769, -0.00202195, 0.931487, 18.8702, 0.413293, 9.90304 )

[node name="BoneAttachment15" parent="xeti/Node/Skeleton" index="14"]
transform = Transform( 0.899305, 0.0149694, -0.437066, -0.00404904, 0.999656, 0.0259068, 0.437304, -0.0215284, 0.899056, -17.9235, 0.0378428, 5.4008 )

[node name="AnimationTree" parent="xeti" index="2"]
parameters/playback = SubResource( 2 )

[node name="CollisionShape" type="CollisionShape" parent="."]
transform = Transform( 1, 0, 0, 0, 1, 0, 0, 0, 1, 0, 1, -0.2 )
shape = SubResource( 1 )

[node name="PlayerTimer" type="Timer" parent="."]
wait_time = 2.0
autostart = true

[connection signal="timeout" from="PlayerTimer" to="." method="_on_PlayerTimer_timeout"]

[editable path="xeti"]
